Burundi 352 1 233 7 025 5 254 9 250 19 666 6 12 26 2.5
Comoros 115 212 576 298 540 932 28 28 38 0.3
Djibouti 448 685 1 028 142 202 216 76 77 83 0.1
Eritrea 517 1 451 6 029 2 755 5 086 8 284 16 22 42 1.9
Ethiopia 6 064 18 363 70 522 41 979 78 143 117 051 13 19 38 2.3
Kenya 3 927 11 476 42 636 19 520 34 070 54 536 17 25 44 1.7
Madagascar 2 721 8 125 30 518 8 825 15 447 24 979 24 34 55 1.9
Malawi 1 092 2 710 12 437 8 355 14 119 28 766 12 16 30 0.9
Mauritius 464 497 570 592 752 661 44 40 46 -0.5
Mayotte 33 108 237 59 120 229 36 47 51 -0.8
Mozambique 3 392 8 454 29 440 10 176 18 019 30 490 25 32 49 0.8
Reunion 496 840 1 089 115 46 36 81 95 97 0.2
Rwanda 391 3 369 13 349 6 824 8 731 12 029 5 28 53 3.7
Seychelles 34 50 65 35 43 35 49 54 65 0.6
Somalia 1 875 4 223 15 664 4 447 6 583 11 412 30 39 58 1.2
South Sudan 765 2 182 8 403 4 999 9 556 16 357 13 19 34 1.0
Uganda 1 942 6 124 33 367 15 593 32 721 70 711 11 16 32 2.1
United Republic of Tanzania 4 813 15 685 68 569 20 672 35 073 60 848 19 31 53 2.3
Zambia 3 091 6 079 25 759 4 753 8 942 18 447 39 40 58 1.1
Zimbabwe 3 033 4 745 11 479 7 429 9 854 14 774 29 33 44 -0.5
Angola 2 644 9 580 34 676 7 690 12 558 19 648 26 43 64 1.9
Cameroon 4 787 12 281 34 003 7 284 10 538 14 596 40 54 70 1.1
Central African Republic 1 073 1 872 4 831 1 840 2 837 3 660 37 40 57 0.6
Chad 1 239 2 951 12 442 4 713 10 260 21 074 21 22 37 0.4
Congo 1 295 2 961 8 168 1 089 1 597 2 409 54 65 77 0.7
Democratic Republic of the Congo 10 694 29 115 93 864 24 217 40 245 61 427 31 42 60 1.2
Equatorial Guinea 130 309 827 244 469 797 35 40 51 0.4
Gabon 655 1 487 3 004 292 224 298 69 87 91 0.3
Sao Tome and Principe 51 128 293 66 70 95 44 65 75 1.0
Algeria 13 667 28 002 44 787 12 573 11 927 9 736 52 70 82 0.9
Egypt 24 494 35 914 68 864 31 843 47 473 52 934 43 43 57 0.1
Libya 3 226 4 900 7 155 1 034 1 353 1 195 76 78 86 0.2
Morocco 11 940 19 995 31 721 12 734 13 498 11 163 48 60 74 0.9
Sudan 5 725 13 034 38 388 14 284 25 730 38 751 29 34 50 0.4
Tunisia 4 714 7 409 10 108 3 421 3 708 3 084 58 67 77 0.3
Western Sahara 187 474 722 30 112 122 86 81 86 0.1
Botswana 580 1 166 1 942 804 873 838 42 57 70 0.4
Lesotho 223 562 1 316 1 374 1 536 1 502 14 27 47 2.0
Namibia 391 1 073 2 538 1 024 1 275 1 205 28 46 68 2.3
South Africa 19 146 34 168 49 103 17 647 18 972 14 303 52 64 77 0.8
Swaziland 198 270 523 665 997 1 293 23 21 29 -0.2
Benin 1 725 4 612 13 574 3 277 5 987 8 563 34 44 61 1.0
Burkina Faso 1 217 5 056 21 299 7 594 12 364 19 633 14 29 52 3.0
Cabo Verde 155 327 493 197 177 143 44 65 78 1.2
Cote d Ivoire 4 767 11 126 29 997 7 349 9 679 12 342 39 53 71 1.4
Gambia 351 1 127 3 468 566 782 1 398 38 59 71 1.2
Ghana 5 331 14 118 32 192 9 298 12 324 13 477 36 53 70 1.3
Guinea 1 687 4 418 13 764 4 333 7 626 10 702 28 37 56 1.3
Guinea Bissau 286 848 2 268 731 898 1 236 28 49 65 1.7
Liberia 1 165 2 168 6 122 937 2 229 3 270 55 49 65 0.8
Mali 1 857 6 172 27 233 6 107 9 596 17 935 23 39 60 2.1
Mauritania 836 2 361 5 867 1 188 1 623 2 054 41 59 74 1.1
Niger 1 192 3 423 24 562 6 562 15 112 44 848 15 18 35 1.3
Nigeria 28 379 83 799 295 480 67 238 94 718 144 875 30 47 67 1.9
Saint Helena 2 2 2 3 2 2 43 39 49 -0.0
Senegal 2 923 6 313 19 910 4 591 8 235 13 023 39 43 60 0.7
Sierra Leone 1 344 2 456 5 893 2 698 3 749 4 402 33 40 57 0.9
Togo 1 083 2 760 8 404 2 705 4 233 6 117 29 39 58 1.3
